0.2889823913574219     0.1096680990336095     55                     11                     0.06784200668334961    0.04656639163555619    0.002904653549194336   0.003314863281455196   0.21755003929138184    0.05978684411659812    31.12735090255737      99.6                   49.5                   
0.12000179290771484    0.10154726037527148    56                     11                     0.04317665100097656    0.05039646610666326    0.002559661865234375   0.002847576557580758   0.07357668876647949    0.048303217711027455   13.850617408752441     100.0                  50.05                  
0.10361337661743164    0.09773098493609085    57                     11                     0.04529571533203125    0.046482170172642834   0.0020432472229003906  0.0027504316645019663  0.05562758445739746    0.04849838309894605    18.279085278511047     99.3                   50.35                  
0.10823488235473633    0.10655847780846059    58                     11                     0.06563615798950195    0.042073477714761394   0.002166748046875      0.003520678120817319   0.03950357437133789    0.060964321972881874   18.972840785980225     98.7                   51.275000000000006     
0.10730576515197754    0.11297269099586456    59                     11                     0.07478594779968262    0.0547286383040466     0.0061511993408203125  0.0029381526334394167  0.02482771873474121    0.055305900058378536   14.315206480026246     98.2                   50.86666666666667      
0.13420844078063965    0.11174212412173429    60                     11                     0.05920839309692383    0.049816942248170085   0.004426002502441406   0.0035153780185410858  0.06915998458862305    0.058409803855023125   15.841734743118286     96.2                   51.03333333333333      
0.14977431297302246    0.09521175326724927    61                     11                     0.061444759368896484   0.04744627527005915    0.0035393238067626953  0.003589413489566821   0.08385252952575684    0.0441760645076233     17.535364079475404     97.9                   51.20000000000001      
0.12262082099914551    0.12346611527143622    62                     11                     0.03873014450073242    0.050796449006364      0.0031735897064208984  0.0034098146235294283  0.07994890213012695    0.0692598516415428     14.989622116088867     95.2                   51.26666666666667      
0.16451048851013184    0.11402160347339188    63                     11                     0.04934883117675781    0.054192339627149366   0.00279998779296875    0.0029568630760256173  0.11107349395751953    0.0568724007702169     18.719795417785644     96.8                   51.375                 
0.1413431167602539     0.11171131213295356    64                     11                     0.05324530601501465    0.04578994582156745    0.0024983882904052734  0.003409352183834047   0.08433151245117188    0.06251201412755206    16.006682682037354     96.3                   51.53333333333333      
0.14751601219177246    0.1179229916883158     65                     11                     0.11252784729003906    0.04523316701032369    0.003838062286376953   0.0027230181452350035  0.02879619598388672    0.0699668065327571     19.494983553886414     97.5                   51.574999999999996     
0.08910870552062988    0.10907570572505637    66                     11                     0.07516717910766602    0.05074754935224951    0.0015854835510253906  0.002994378809643948   0.011671781539916992   0.05533377756316292    16.109646797180176     92.0                   51.6                   
0.1296844482421875     0.10359055178156576    67                     11                     0.08061552047729492    0.041250742985095686   0.0022153854370117188  0.0034932409029693606  0.044649600982666016   0.05884656789350071    15.320204162597657     99.2                   51.79999999999999      
0.16556692123413086    0.11989064942087421    68                     11                     0.06795454025268555    0.05051865563126194    0.0037250518798828125  0.0027001340213441026  0.09192252159118652    0.06667185976826817    18.685637950897217     98.0                   51.79999999999999      
0.12438249588012695    0.7304525654981469     69                     16                     0.11653518676757812    0.6717069439701717     0.003908634185791016   0.0067708939240886164  0.0036134719848632812  0.051974727603886585   20.217380905151366     94.8                   51.925                 
0.13954567909240723    0.7290750636475373     70                     16                     0.10685110092163086    0.670589797642476      0.0031919479370117188  0.0068038805289400844  0.029204130172729492   0.05168138547612123    16.931545352935792     96.4                   52.35                  
0.09220647811889648    0.7371857717729433     71                     16                     0.07933235168457031    0.669815189218836      0.008625984191894531   0.00638259698349259    0.003945350646972656   0.0609879855706147     15.508750915527344     99.2                   52.36666666666667      
0.1144247055053711     0.16264091308370646    72                     16                     0.10722613334655762    0.11656119458164842    0.0036194324493408203  0.006368238020849928   0.0032749176025390625  0.03971148048120811    16.205536723136902     96.3                   52.5                   
0.06321167945861816    0.143471361404187      73                     16                     0.03461909294128418    0.10687739029535166    0.0027129650115966797  0.006246839908046693   0.024886369705200195   0.03034713120078865    7.624549674987793      95.2                   52.4                   
0.16495275497436523    0.13757695713493331    74                     16                     0.034181833267211914   0.09131462920215107    0.0019457340240478516  0.0053323747004619185  0.12805485725402832    0.040929953232320314   19.41934862136841      96.9                   52.974999999999994     
0.1323566436767578     0.16998477528887773    75                     16                     0.08320975303649902    0.11656111798651028    0.009400606155395508   0.006270930010844467   0.039012908935546875   0.04715272729152299    15.51508903503418      100.0                  53.9                   
0.16522979736328125    0.1450009620507977     76                     16                     0.06085562705993652    0.09120533370118553    0.002137422561645508   0.005307730814559267   0.10143899917602539    0.04848789753505292    17.96810953617096      97.9                   54.175                 
0.22318458557128906    0.17449898403636055    77                     16                     0.2000720500946045     0.11656120254204799    0.005177497863769531   0.006236457334385411   0.01730036735534668    0.051701324159927155   24.031853675842285     100.0                  54.050000000000004     
0.16768884658813477    0.15440038811643048    78                     16                     0.062148332595825195   0.10233253902000457    0.0023813247680664062  0.006231850035649714   0.10284876823425293    0.04583599906077618    18.555384635925293     98.7                   54.3                   
0.1634221076965332     0.12425113920455551    79                     16                     0.14770770072937012    0.07804100846362283    0.0028362274169921875  0.005873706206999334   0.012531518936157227   0.04033642453393334    18.17763533592224      97.3                   54.075                 
0.14467763900756836    0.15802831405173698    80                     16                     0.1383500099182129     0.10687753527595721    0.0018961429595947266  0.006074378825739911   0.003503561019897461   0.04507639995003986    18.284838294982908     99.3                   53.36666666666667      
0.08910226821899414    0.19454696662604493    81                     16                     0.08199238777160645    0.15067231236961431    0.002222299575805664   0.005398498579729437   0.004525661468505859   0.03847615567670118    16.26765727996826      100.0                  53.333333333333336     
0.06885075569152832    0.1589146698387548     82                     16                     0.06267786026000977    0.09469584061592567    0.0012655258178710938  0.0058858800916926635  0.004040241241455078   0.05833294913113646    12.62514591217041      100.0                  51.05                  
0.1358344554901123     0.14812718856292034    83                     16                     0.034116268157958984   0.09794713879558352    0.0014171600341796875  0.006369672144866873   0.09947991371154785    0.04381037762246994    15.704243087768555     98.4                   50.0                   
0.08312559127807617    0.1309760505874955     84                     16                     0.0392148494720459     0.08023848269709682    0.004135847091674805   0.005794303742010988   0.03948783874511719    0.0449432641483877     9.474006271362306      97.4                   50.05                  
0.15525531768798828    0.17126273526743302    85                     16                     0.04707217216491699    0.12758683738114412    0.005269527435302734   0.006382643810897483   0.10106921195983887    0.03729325407539141    17.95351414680481      98.6                   50.025                 
0.12107133865356445    0.1462019560965544     86                     16                     0.04848742485046387    0.07538695515838133    0.0022497177124023438  0.005696140910884249   0.07004499435424805    0.06511886002728884    14.655860137939454     95.9                   50.06666666666666      
"satisfyrate ",str1.0
