starttime: 1750256591.1881866receive_time              infer_endtime     partition_point      sendendtime
1750256591.1881976    1750256591.2825184    0       1750256591.2825215
1750256591.3340635    1750256591.3862786    7       1750256591.3862844
1750256591.4319518    1750256591.4861617    7       1750256591.4861672
1750256591.530807     1750256591.5806496    7       1750256591.5806553
1750256591.6288807    1750256591.6911523    7       1750256591.6911573
1750256591.739996     1750256591.791325     7       1750256591.791331
1750256591.8349152    1750256591.8842928    7       1750256591.8842988
1750256591.9609668    1750256592.0080411    11      1750256592.008048
1750256592.066927     1750256592.177553     7       1750256592.1775632
1750256592.234131     1750256592.2918143    7       1750256592.2918198
1750256592.343064     1750256592.405784     7       1750256592.405789
1750256592.455268     1750256592.5032194    7       1750256592.503225
1750256592.5477135    1750256592.594812     7       1750256592.5948172
1750256592.6455255    1750256592.7118812    7       1750256592.7118864
1750256592.7555535    1750256592.8145602    7       1750256592.8145657
1750256592.8574407    1750256592.906062     7       1750256592.906067
1750256592.951334     1750256593.0038433    7       1750256593.003849
1750256593.0481613    1750256593.1125548    7       1750256593.1125607
1750256593.14155      1750256593.2227283    3       1750256593.2227333
1750256593.2371218    1750256593.343131     0       1750256593.3431368
1750256593.4574687    1750256593.4620032    18      1750256593.462008
1750256593.4985275    1750256593.583626     4       1750256593.5836313
1750256593.6300495    1750256593.6929212    7       1750256593.692926
1750256593.7398934    1750256593.8024058    7       1750256593.8024113
1750256593.8562553    1750256593.9113147    7       1750256593.91132
1750256593.9720101    1750256594.0381963    7       1750256594.0382023
1750256594.1095426    1750256594.1698284    7       1750256594.1698334
1750256594.2351456    1750256594.2901046    9       1750256594.2901099
1750256594.3455229    1750256594.4139752    7       1750256594.4139817
1750256594.4754007    1750256594.5483143    7       1750256594.548321
1750256594.6072266    1750256594.6608973    7       1750256594.6609027
1750256594.71896      1750256594.779532     8       1750256594.7795367
1750256594.8341293    1750256594.896355     7       1750256594.8963606
1750256594.950746     1750256595.0087273    7       1750256595.0087335
1750256595.0599656    1750256595.118208     7       1750256595.1182132
1750256595.1675012    1750256595.227804     7       1750256595.2278087
1750256595.275249     1750256595.3229983    7       1750256595.3230057
1750256595.370466     1750256595.4212575    7       1750256595.4212632
1750256595.4839838    1750256595.5432146    7       1750256595.5432198
1750256595.598096     1750256595.6699867    7       1750256595.6699924
1750256595.7256973    1750256595.7777634    7       1750256595.7777689
1750256595.8321333    1750256595.897421     7       1750256595.897426
1750256595.917407     1750256595.9917135    2       1750256595.9917188
1750256596.0392601    1750256596.0876408    7       1750256596.0876467
1750256596.1460278    1750256596.2103333    7       1750256596.210338
1750256596.3297865    1750256596.3301368    19      1750256596.330141
1750256596.3820539    1750256596.4483619    7       1750256596.4483669
1750256596.5042481    1750256596.5681715    7       1750256596.5681775
1750256596.6268363    1750256596.6952038    7       1750256596.6952095
1750256596.7541008    1750256596.8393176    7       1750256596.8393228
1750256596.914128     1750256596.9824276    7       1750256596.9824326
1750256597.043764     1750256597.0969248    7       1750256597.096931
1750256597.1578069    1750256597.2084236    7       1750256597.2084289
1750256597.2657478    1750256597.3262327    7       1750256597.3262377
1750256597.3986697    1750256597.4301848    14      1750256597.4301906
1750256597.4763865    1750256597.5250216    7       1750256597.5250263
1750256597.5713935    1750256597.6386154    7       1750256597.6386204
1750256597.6945946    1750256597.744467     7       1750256597.7444723
1750256597.7970865    1750256597.857573     7       1750256597.8575778
1750256597.9129472    1750256597.9761024    7       1750256597.9761078
1750256598.0305963    1750256598.0927155    7       1750256598.09272
1750256598.1498296    1750256598.2157888    7       1750256598.2157948
1750256598.2782905    1750256598.3521733    7       1750256598.3521807
1750256598.4082327    1750256598.4571211    7       1750256598.4571266
1750256598.5100772    1750256598.5747182    7       1750256598.5747223
1750256598.6299765    1750256598.690945     7       1750256598.690968
1750256598.7361963    1750256598.8025076    7       1750256598.8025136
1750256598.8563266    1750256598.9154077    7       1750256598.9154124
1750256598.9699702    1750256599.0373437    7       1750256599.0373483
1750256599.0874548    1750256599.1502776    7       1750256599.1502833
1750256599.1963623    1750256599.2533705    7       1750256599.253376
1750256599.3160884    1750256599.3783038    7       1750256599.3783085
1750256599.4224536    1750256599.4910038    7       1750256599.491009
1750256599.5381215    1750256599.5895443    7       1750256599.5895493
1750256599.6459215    1750256599.7037961    7       1750256599.7038012
1750256599.7619948    1750256599.827315     7       1750256599.8273206
1750256599.8893964    1750256599.9557385    7       1750256599.9557436
1750256600.0036242    1750256600.0670538    7       1750256600.0670612
1750256600.1212125    1750256600.179349     7       1750256600.1793542
1750256600.224973     1750256600.2740333    7       1750256600.2740388
1750256600.320152     1750256600.3809612    7       1750256600.380967
1750256600.436646     1750256600.497809     7       1750256600.4978135
1750256600.553925     1750256600.6359096    7       1750256600.6359158
1750256600.6954553    1750256600.7546806    7       1750256600.754686
1750256600.8052125    1750256600.8695493    7       1750256600.8695543
1750256600.9278355    1750256601.0068345    7       1750256601.0068402
1750256601.0686736    1750256601.1353643    7       1750256601.135369
1750256601.1926475    1750256601.2579246    7       1750256601.2579298
1750256601.313253     1750256601.376439     7       1750256601.3764448
1750256601.4235294    1750256601.4723835    7       1750256601.4723885
1750256601.5292964    1750256601.591184     7       1750256601.5911884
1750256601.6416461    1750256601.7002466    7       1750256601.7002518
1750256601.7534661    1750256601.8189137    7       1750256601.8189201
1750256601.8805337    1750256601.9344716    7       1750256601.9344773
1750256601.9951236    1750256602.054432     7       1750256602.0544372
1750256602.105169     1750256602.1539454    7       1750256602.1539505
1750256602.2080112    1750256602.277035     7       1750256602.2770393
1750256602.3295815    1750256602.3881145    7       1750256602.3881192
1750256602.438474     1750256602.5023513    7       1750256602.502357
1750256602.5580475    1750256602.6212957    7       1750256602.6213007
1750256602.6720586    1750256602.742706     7       1750256602.7427113
1750256602.8049893    1750256602.8791087    7       1750256602.8791163
1750256602.9596932    1750256603.0104582    11      1750256603.010465
1750256603.0792193    1750256603.137857     7       1750256603.1378627
1750256603.1967838    1750256603.2756763    7       1750256603.2756813
1750256603.3284817    1750256603.388618     7       1750256603.388623
1750256603.4326034    1750256603.487369     7       1750256603.4873748
1750256603.535554     1750256603.5908976    7       1750256603.5909038
1750256603.6374917    1750256603.6996012    7       1750256603.6996064
1750256603.7444785    1750256603.7986753    7       1750256603.7986832
1750256603.849944     1750256603.9364045    7       1750256603.9364107
1750256604.0002131    1750256604.070055     7       1750256604.0700605
1750256604.1296072    1750256604.179351     7       1750256604.1793559
1750256604.2346132    1750256604.2964642    7       1750256604.2964716
1750256604.344728     1750256604.4101226    7       1750256604.4101288
1750256604.457331     1750256604.5231       7       1750256604.5231056