receive_time              infer_endtime     partition_point      sendendtime
1750259298.611791     1750259299.1886706    0       1750259299.1891448
1750259299.2371192    1750259299.51465      0       1750259299.515063
1750259299.7909677    1750259299.8297405    18      1750259299.8301067
1750259300.2000237    1750259300.2013152    21      1750259300.2016313
1750259300.3786693    1750259300.5323563    2       1750259300.5328197
1750259300.7322524    1750259300.9128313    6       1750259300.9132519
1750259301.1784933    1750259301.2297578    13      1750259301.230209
1750259301.4904397    1750259301.5272884    19      1750259301.5278091
1750259301.672433     1750259301.8098314    6       1750259301.8102782
1750259302.1311753    1750259302.18173      13      1750259302.1821463
1750259302.5054514    1750259302.5152743    20      1750259302.5156682
1750259302.6203048    1750259302.830904     1       1750259302.8313055
1750259303.1153471    1750259303.1506975    19      1750259303.1510785
1750259303.3276217    1750259303.4490767    7       1750259303.4495
1750259303.7527905    1750259303.7527905    22      1750259303.7527928
1750259304.050804     1750259304.0835505    17      1750259304.083947
1750259304.3286042    1750259304.3769476    13      1750259304.3774054
1750259304.7283404    1750259304.7340236    20      1750259304.7343652
1750259305.0277061    1750259305.0590708    19      1750259305.0595644
1750259305.24241      1750259305.4263687    6       1750259305.4268622
1750259305.5399184    1750259305.808402     1       1750259305.8088048
1750259306.1625524    1750259306.225186     13      1750259306.2256167
1750259306.511594     1750259306.550058     19      1750259306.550469
1750259306.8427167    1750259306.8481817    20      1750259306.8485203
1750259306.8769097    1750259307.159367     0       1750259307.1597714
1750259307.4578586    1750259307.4940054    17      1750259307.494381
1750259307.6566584    1750259307.842626     6       1750259307.8430378
1750259307.915787     1750259308.1832166    1       1750259308.1835985
1750259308.4510124    1750259308.4865777    19      1750259308.48694